,fold_1,fold_2,fold_3,fold_4,fold_5,fold_6,fold_7,fold_8,fold_9,fold_10,mean
seed_0.0,0.793192056408343,0.6974738750539554,0.7557914959627271,0.6233481712423841,0.7727837774754076,0.4565810322124618,0.7644668902005384,0.35163605536712017,0.6866948209769193,0.8453417511946216,0.6747309926094478
seed_0.1,0.7371399062428249,0.6457976388613724,0.6891694170067174,0.6888053297884604,0.8348278158752405,0.7383404699417087,0.7557737462963465,0.7230199999414172,0.848910581362915,0.764728954209312,0.7426513859526315
seed_0.2,0.7616361409743581,0.8665109248466452,0.6521451479274556,0.8544026789826954,0.8557889503777036,0.7817472101868348,0.7240344649651221,0.4504899965568221,0.7194641793241374,0.8288283346454155,0.749504802878719
seed_0.30000000000000004,0.7506323809133957,0.6729999801197877,0.850659340605081,0.8013597239528935,0.9356277084530815,0.6829647989203906,0.35718311199853736,0.3945381991395032,0.9627701889979944,0.8200490187730467,0.7228784451873711
seed_0.4,0.749758172478174,0.8303009053073744,0.8103112940243891,0.8171741149653122,0.77996616649387,0.6833621320010932,0.7710747334933106,0.7081855004664541,0.43191880823859063,0.846029528398792,0.742808135586736
seed_0.5,0.8315840488657951,0.7686962217075373,0.4367306284471239,0.6738032078352609,0.4156576877686482,0.4406952436655602,0.810947449335819,0.5999496841258711,0.7721714183364305,0.8543906921359754,0.6604626282224022
seed_0.6000000000000001,0.7278597944348029,0.6874393545754086,0.6243648415904139,0.76292270692043,0.9155873399795627,0.44856187636605155,0.4665584673257327,0.745581769841919,0.7709606163809222,0.8200490187730467,0.6969885786188289
seed_0.7000000000000001,0.8254666650771109,0.6552055789050999,0.7240143620005419,0.7177777376615004,0.8208790985908757,0.4406952436655602,0.47934777226065434,0.6726289795074689,0.422035972011077,0.8909248092370685,0.6648976218916958
seed_0.8,0.7773149055903319,0.7878647761430752,0.6190917773303559,0.7105894202688634,0.76851754564669,0.6096624318406572,0.6462771032056316,0.6943819592550802,0.8825882581751386,0.8543906921359754,0.73506788695918
seed_0.9,0.7598337201222933,0.7026231673071444,0.3000025784867215,0.6859963531575155,0.7723188246293659,0.4253894398005098,0.661437400988635,0.6660214208792867,0.43534378817092023,0.8909248092370685,0.6299891502779461
seed_1.0,0.8139954879989992,0.6202292788488064,0.6951114114942238,0.8987733703588768,0.8460451063511124,0.545064043830997,0.6883510921428052,0.7936639282796276,0.8825882581751388,0.837937988313254,0.7621759965793841
