,fold_1,fold_2,fold_3,fold_4,fold_5,fold_6,fold_7,fold_8,fold_9,fold_10,mean
seed_0.0,0.03597122302158273,0.39568345323741005,0.8920863309352518,0.3273381294964029,0.050359712230215826,0.7338129496402878,0.302158273381295,0.1474820143884892,0.37050359712230213,0.039568345323741004,0.3294964028776978
seed_0.1,0.39928057553956836,0.8093525179856115,0.3381294964028777,0.36330935251798563,0.9172661870503597,0.03237410071942446,0.08992805755395683,0.34172661870503596,0.9280575539568345,0.3489208633093525,0.4568345323741007
seed_0.2,0.2517985611510791,0.3345323741007194,0.06474820143884892,0.3273381294964029,0.9244604316546763,0.017985611510791366,0.8812949640287769,0.25539568345323743,0.08633093525179857,0.03597122302158273,0.31798561151079136
seed_0.30000000000000004,0.039568345323741004,0.4136690647482014,0.025179856115107913,0.31654676258992803,0.025179856115107913,0.4172661870503597,0.18345323741007194,0.08992805755395683,0.2697841726618705,0.039568345323741004,0.18201438848920864
seed_0.4,0.0539568345323741,0.920863309352518,0.039568345323741004,0.9100719424460432,0.050359712230215826,0.039568345323741004,0.07553956834532374,0.07194244604316546,0.12589928057553956,0.03237410071942446,0.2320143884892086
seed_0.5,0.23741007194244604,0.32014388489208634,0.35611510791366907,0.12589928057553956,0.6079136690647482,0.07913669064748201,0.02158273381294964,0.8093525179856115,0.8920863309352518,0.9280575539568345,0.4377697841726619
seed_0.6000000000000001,0.3489208633093525,0.8381294964028777,0.06474820143884892,0.32014388489208634,0.3273381294964029,0.1079136690647482,0.4568345323741007,0.0539568345323741,0.29136690647482016,0.039568345323741004,0.28489208633093527
seed_0.7000000000000001,0.025179856115107913,0.4352517985611511,0.33093525179856115,0.3273381294964029,0.3273381294964029,0.4712230215827338,0.4136690647482014,0.0683453237410072,0.5683453237410072,0.02158273381294964,0.2989208633093525
seed_0.8,0.39928057553956836,0.03597122302158273,0.11870503597122302,0.3273381294964029,0.37410071942446044,0.04316546762589928,0.34172661870503596,0.8597122302158273,0.025179856115107913,0.34172661870503596,0.2866906474820144
seed_0.9,0.9064748201438849,0.039568345323741004,0.3489208633093525,0.29856115107913667,0.34172661870503596,0.11870503597122302,0.34172661870503596,0.3776978417266187,0.658273381294964,0.3057553956834532,0.3737410071942446
seed_1.0,0.025179856115107913,0.04316546762589928,0.3237410071942446,0.3273381294964029,0.02877697841726619,0.35251798561151076,0.04316546762589928,0.9064748201438849,0.4352517985611511,0.3345323741007194,0.2820143884892086
