,fold_1,fold_2,fold_3,fold_4,fold_5,fold_6,fold_7,fold_8,fold_9,fold_10,mean
seed_0.0,4.920762062072754,3.821565866470337,6.065075159072876,10.293789863586426,4.979247093200684,4.43120813369751,4.916704893112183,2.985059976577759,4.902897834777832,5.715559959411621,5.303187084197998
seed_0.1,2.439074993133545,2.154304027557373,2.1425609588623047,3.2348427772521973,2.1652719974517822,3.0156660079956055,3.592207193374634,3.325248956680298,2.51692795753479,1.9368269443511963,2.6522931814193726
seed_0.2,2.72632098197937,2.7564539909362793,3.2746589183807373,2.7964580059051514,2.8021059036254883,2.492558002471924,1.9143102169036865,3.2764358520507812,1.9583609104156494,1.9523470401763916,2.595000982284546
seed_0.30000000000000004,3.0363008975982666,2.457973003387451,3.8861119747161865,3.358452796936035,2.4998438358306885,2.798970937728882,2.2337350845336914,3.6115050315856934,2.7763988971710205,1.9510669708251953,2.861035943031311
seed_0.4,2.245712995529175,2.5117950439453125,3.0677428245544434,3.9262278079986572,2.5740931034088135,3.953761100769043,2.251394033432007,4.233547210693359,2.273651123046875,2.814605951309204,2.985253119468689
seed_0.5,3.971566915512085,2.609557867050171,2.863607883453369,2.598843812942505,2.5746638774871826,3.7373249530792236,3.3875269889831543,2.8139309883117676,2.548748016357422,2.5279641151428223,2.96337354183197
seed_0.6000000000000001,2.5522379875183105,2.856065034866333,2.8425469398498535,2.2686920166015625,2.550356864929199,3.0934340953826904,2.549449920654297,3.0999200344085693,1.990088939666748,2.822495937347412,2.6625287771224975
seed_0.7000000000000001,3.0831949710845947,2.851889133453369,4.221282005310059,3.6442649364471436,2.2981860637664795,4.482896089553833,3.118925094604492,2.335566997528076,2.5933189392089844,2.5873661041259766,3.121689033508301
seed_0.8,2.3420350551605225,2.934128999710083,3.772843837738037,3.205137014389038,2.6501529216766357,4.599292993545532,2.609307050704956,3.5190250873565674,2.962110996246338,2.630181074142456,3.1224215030670166
seed_0.9,2.690507173538208,2.9547488689422607,4.4112489223480225,4.618528842926025,2.6451728343963623,4.346956014633179,3.4902210235595703,2.342228889465332,2.9484100341796875,2.6524689197540283,3.3100491523742677
seed_1.0,2.3637609481811523,2.7016279697418213,3.781346082687378,2.6997430324554443,2.498969793319702,3.8282530307769775,3.2294118404388428,3.217858076095581,2.411939859390259,2.2873518466949463,2.9020262479782106
