,fold_1,fold_2,fold_3,fold_4,fold_5,fold_6,fold_7,fold_8,fold_9,fold_10,mean
seed_0.0,0.5922988418610846,0.5986950424615982,0.7180572946409264,0.4971980991176069,0.8218199315881284,0.8186362028310978,0.8396778558704437,0.6386115646403232,0.47104794331514666,0.508621588813253,0.650466436513961
seed_0.1,0.772740712251607,0.8034808949481942,0.7453921782031293,0.8610441253065002,0.8110287909592813,0.8326683200897211,0.8814854827743714,0.7637695976295187,0.8822129136227802,0.7778040803742716,0.8131627096159375
seed_0.2,0.7818583691995672,0.8200890815198235,0.7901598193736,0.8797158413398155,0.8723340070923835,0.823526990923023,0.8638606538337414,0.7558241280685352,0.8909590162834102,0.7778040803742716,0.8256131988008173
seed_0.30000000000000004,0.8322802243887556,0.8200890815198235,0.7901598193736,0.8797158413398155,0.8631069429247135,0.8459881094147195,0.9009508080099208,0.7715111197006217,0.8822129136227802,0.8019583390263983,0.8387973199321148
seed_0.4,0.8211805735948954,0.8200890815198235,0.7901598193736,0.8524091624517494,0.8631069429247135,0.8459881094147195,0.9009508080099208,0.7715111197006217,0.8822129136227802,0.8201994331127008,0.8367807963725523
seed_0.5,0.8211805735948954,0.8303123589336936,0.7901598193736,0.8797158413398155,0.8631069429247135,0.8459881094147195,0.9009508080099208,0.7894916643938883,0.8909590162834102,0.8201994331127008,0.8432064567381357
seed_0.6000000000000001,0.8442053012084226,0.8303123589336936,0.7901598193736,0.9119665167450469,0.8726576872098708,0.8459881094147195,0.9009508080099208,0.7894916643938883,0.9036506221999479,0.8201994331127008,0.850958232060181
seed_0.7000000000000001,0.8322802243887556,0.8392147288780788,0.7901598193736,0.8797158413398155,0.8723340070923835,0.8459881094147195,0.9009508080099208,0.8158732984068631,0.9036506221999479,0.8201994331127008,0.8500366892216785
seed_0.8,0.8322802243887556,0.8392147288780788,0.7901598193736,0.9009718202332241,0.8726576872098708,0.8459881094147195,0.910301369691035,0.7894916643938883,0.8909590162834102,0.8201994331127008,0.8492223872979283
seed_0.9,0.8442053012084226,0.8303123589336936,0.7901598193736,0.8797158413398155,0.8726576872098708,0.8459881094147195,0.9009508080099208,0.8158732984068631,0.8909590162834102,0.8201994331127008,0.8491021673293015
seed_1.0,0.8442053012084226,0.8303123589336936,0.7901598193736,0.9009718202332241,0.8726576872098708,0.8459881094147195,0.9009508080099208,0.7982784228052358,0.9036506221999479,0.8201994331127008,0.8507374382501336
