,fold_1,fold_2,fold_3,fold_4,fold_5,fold_6,fold_7,fold_8,fold_9,fold_10,mean
seed_0.0,0.7375790664402303,0.63315800004303,0.6867575153897165,0.5653949260532967,0.7016496252278469,0.42304132532728306,0.704482373423168,0.3169629017027063,0.6339987935435188,0.7694955410833483,0.6172520068234144
seed_0.1,0.6849734915399006,0.5857510024263717,0.6256318172202571,0.6254706582100759,0.7585177921728977,0.6886868338662997,0.6963939406168229,0.6592234440954062,0.785370435107492,0.6954782966503624,0.6805497711905886
seed_0.2,0.7079636920056265,0.7882253690291011,0.591661654543009,0.777447388278015,0.7777301642760444,0.7295788281674817,0.6668635872828379,0.4080414158346735,0.6645776900589825,0.7543333091263794,0.6866423098602151
seed_0.30000000000000004,0.697636176072223,0.6107060692832891,0.7737978968181649,0.7287675923073101,0.8509081716670482,0.636518485465946,0.32545706537817753,0.3564910227780985,0.8909590162834101,0.7462723161667123,0.661751381222038
seed_0.4,0.6968155141707026,0.7550081467174861,0.7367790756025941,0.7432811209525867,0.7082328606318898,0.6368933242304747,0.7106302929289856,0.6455600963640463,0.3959955138902819,0.7701270626966396,0.6799323008185687
seed_0.5,0.7736106601203461,0.6984948487488306,0.3936624552165524,0.6117019345606799,0.3740084911570546,0.4080701699638921,0.7477280744186577,0.5458680883630471,0.713761640217357,0.7778040803742716,0.6044710443140688
seed_0.6000000000000001,0.6762637827619208,0.6239525427662045,0.5661725406965692,0.6934921983206709,0.8325397621330276,0.4154838851168062,0.42723796968769595,0.6800040707056085,0.712631680588188,0.7462723161667123,0.6374050748943405
seed_0.7000000000000001,0.7678695070953644,0.594380819354789,0.6576020763960814,0.6520603587768486,0.7457325269584593,0.4080701699638921,0.4389236774239394,0.6128107487264154,0.38680956849339043,0.8113488468617209,0.6075608300050901
seed_0.8,0.7226783801471333,0.7160793059287797,0.5613343237050721,0.6454631533864346,0.6977391190177381,0.5674618247994028,0.5945157838525935,0.6328461656708315,0.8167967666742445,0.7778040803742716,0.67327189035565
seed_0.9,0.7062719316531445,0.6378818338106975,0.26839033284849656,0.6228925979714551,0.7012234536398971,0.3936455396051912,0.6086214299111516,0.6067243991277099,0.3992325139705621,0.8113488468617209,0.5756232879400026
seed_1.0,0.7571036907508526,0.5622941072445244,0.6310836135106916,0.8181680949283957,0.7687992222963171,0.5066019012778405,0.633663051510147,0.7242897146475045,0.8167967666742446,0.7626976010092895,0.6981497763849808
