,fold_1,fold_2,fold_3,fold_4,fold_5,fold_6,fold_7,fold_8,fold_9,fold_10,mean
seed_0.0,0.45722558076759007,0.9012455585346729,0.8003522271976129,0.9101623242936028,0.9115485956886112,0.43049203818858084,0.954711633097634,0.8644556963780957,0.8582842988592349,0.8930260086194816,0.7981503961625117
seed_0.1,0.8928073226083588,0.901245558534673,0.857695503202114,0.9454926842342093,0.8921184351160509,0.9154156875790809,0.9268140425297451,0.8454540420363706,0.9863877286852832,0.8806574770388357,0.9044088481564723
seed_0.2,0.8403723187674483,0.9031656011498161,0.8593912578741137,0.9889994463489458,0.9468789556292179,0.9648910662892773,0.9756333540480558,0.8735385793562055,0.9526911332062256,0.9005641598798955,0.9206125872549202
seed_0.30000000000000004,0.8940979770819373,0.9323653559534142,0.868492786854292,1.014145142195867,0.9593569522545833,0.9648910662892773,0.985683522980784,0.864053489012278,0.9735335749903413,0.9005641598798955,0.935718402749267
seed_0.4,0.9514013102511332,0.9028847380925262,0.868492786854292,1.0291553124035686,0.9593569522545833,0.9313797475310348,0.985683522980784,0.8938659795527975,0.9756647606479193,0.9171436019478372,0.9415028712516476
seed_0.5,0.9624195406914686,0.9323653559534142,0.868492786854292,1.0291553124035686,0.9824452528025338,0.9530659842303895,0.9962198438880961,0.8845210603031535,0.9735335749903413,0.906523108012065,0.9488741820129322
seed_0.6000000000000001,0.9624195406914686,0.9131185736032622,0.9117395272816364,1.0009796888540274,0.9824452528025338,0.9914930480790147,1.0191320056364588,0.8748465605894663,0.9863877286852832,0.906523108012065,0.9549085034235217
seed_0.7000000000000001,0.9624195406914686,0.943324287791472,0.9222476041799279,1.014145142195867,1.0155314135908755,0.9648910662892773,1.0191320056364588,0.8852201437200629,0.9863877286852832,0.9266826440974627,0.9639981576878156
seed_0.8,0.9241572878763893,0.9131185736032622,0.9117395272816364,1.0291553124035686,1.0155314135908755,0.9914930480790147,1.0191320056364588,0.8748465605894663,0.9863877286852832,0.9284556084223838,0.9594017066168339
seed_0.9,0.9443476075473007,0.9358660290604511,0.9222476041799279,1.014145142195867,1.0155314135908755,0.973116369311922,1.0191320056364588,0.8961658012048799,0.9863877286852832,0.9403864928028118,0.9647326194215777
seed_1.0,0.9600417551927853,0.9358660290604511,0.9222476041799279,1.0422454298992039,1.0155314135908755,0.973116369311922,1.0191320056364588,0.9070743135248203,0.9863877286852832,0.9389122940160308,0.9700554943097759
