,fold_1,fold_2,fold_3,fold_4,fold_5,fold_6,fold_7,fold_8,fold_9,fold_10,mean
seed_0.0,0.18705035971223022,0.3237410071942446,0.29856115107913667,0.3381294964028777,0.014388489208633094,0.11510791366906475,0.9676258992805755,0.381294964028777,0.2949640287769784,0.03597122302158273,0.2956834532374101
seed_0.1,0.9568345323741008,0.9496402877697842,0.9388489208633094,0.960431654676259,0.9388489208633094,0.9640287769784173,0.9568345323741008,0.9280575539568345,0.9784172661870504,0.9424460431654677,0.9514388489208633
seed_0.2,0.9388489208633094,0.9496402877697842,0.9388489208633094,0.9748201438848921,0.960431654676259,0.9784172661870504,0.9712230215827338,0.9388489208633094,0.9676258992805755,0.9496402877697842,0.9568345323741007
seed_0.30000000000000004,0.9568345323741008,0.960431654676259,0.9424460431654677,0.9820143884892086,0.9676258992805755,0.9784172661870504,0.9748201438848921,0.9388489208633094,0.9748201438848921,0.9496402877697842,0.9625899280575541
seed_0.4,0.9712230215827338,0.9532374100719424,0.9424460431654677,0.9856115107913669,0.9676258992805755,0.9676258992805755,0.9748201438848921,0.9496402877697842,0.9748201438848921,0.9568345323741008,0.9643884892086332
seed_0.5,0.9748201438848921,0.960431654676259,0.9424460431654677,0.9856115107913669,0.9748201438848921,0.9748201438848921,0.9784172661870504,0.9460431654676259,0.9748201438848921,0.9532374100719424,0.966546762589928
seed_0.6000000000000001,0.9748201438848921,0.9568345323741008,0.9568345323741008,0.9784172661870504,0.9748201438848921,0.9856115107913669,0.9856115107913669,0.9460431654676259,0.9784172661870504,0.9532374100719424,0.9690647482014387
seed_0.7000000000000001,0.9748201438848921,0.9640287769784173,0.960431654676259,0.9820143884892086,0.9820143884892086,0.9784172661870504,0.9856115107913669,0.9496402877697842,0.9784172661870504,0.960431654676259,0.9715827338129497
seed_0.8,0.9676258992805755,0.9568345323741008,0.9568345323741008,0.9856115107913669,0.9820143884892086,0.9856115107913669,0.9856115107913669,0.9460431654676259,0.9784172661870504,0.960431654676259,0.970503597122302
seed_0.9,0.9712230215827338,0.9640287769784173,0.960431654676259,0.9820143884892086,0.9820143884892086,0.9820143884892086,0.9856115107913669,0.9532374100719424,0.9784172661870504,0.9640287769784173,0.9723021582733813
seed_1.0,0.9748201438848921,0.9640287769784173,0.960431654676259,0.9892086330935251,0.9820143884892086,0.9820143884892086,0.9856115107913669,0.9568345323741008,0.9784172661870504,0.9640287769784173,0.9737410071942444
