,fold_1,fold_2,fold_3,fold_4,fold_5,fold_6,fold_7,fold_8,fold_9,fold_10,mean
seed_0.0,13.034114122390747,13.506089210510254,11.794197797775269,15.327194929122925,14.809885025024414,17.133343935012817,13.927790880203247,21.848439931869507,11.218354940414429,12.641332864761353,14.524074363708497
seed_0.1,13.035207033157349,15.930042028427124,13.080836057662964,16.164947032928467,15.223461866378784,14.8417809009552,12.024033069610596,12.932819843292236,11.85733699798584,13.072543144226074,13.816300797462464
seed_0.2,14.100605010986328,17.97959303855896,18.04034399986267,14.844383001327515,14.605383157730103,14.332306861877441,14.639672994613647,12.703971147537231,16.45075297355652,13.250048875808716,15.094706106185914
seed_0.30000000000000004,16.770600080490112,13.129426956176758,13.740209102630615,13.849200010299683,14.695787191390991,13.072442054748535,12.863426923751831,15.9739990234375,16.36797595024109,13.9601731300354,14.442324042320251
seed_0.4,14.648291826248169,15.761468887329102,12.641835927963257,14.179425954818726,16.59171986579895,17.574609994888306,15.265443086624146,17.267292976379395,12.911653995513916,14.142963886260986,15.098470640182494
seed_0.5,14.64560079574585,13.65161681175232,14.693536043167114,13.232866048812866,16.84650206565857,12.272974014282227,15.686764001846313,13.765748023986816,12.371563911437988,14.466257810592651,14.163342952728271
seed_0.6000000000000001,14.103661060333252,17.896759033203125,14.921595096588135,12.315615892410278,14.181176900863647,15.984314203262329,17.036298036575317,14.700227975845337,16.75694990158081,13.646124124526978,15.154272222518921
seed_0.7000000000000001,16.568299055099487,14.078677892684937,16.503313064575195,15.010968923568726,12.463045120239258,13.71962594985962,15.949722051620483,14.270945072174072,15.77323317527771,13.904620885848999,14.824245119094849
seed_0.8,17.37407612800598,14.279995203018188,14.591356992721558,12.96733283996582,14.952255964279175,12.337104082107544,14.569720029830933,11.621712923049927,13.012775182723999,13.725032091140747,13.943136143684388
seed_0.9,14.150007009506226,14.092514991760254,14.870332956314087,14.020318031311035,13.119886875152588,13.961721897125244,13.41806411743164,13.337301969528198,14.924193859100342,17.990056037902832,14.388439774513245
seed_1.0,12.877208948135376,14.315800905227661,16.924506902694702,17.680372953414917,17.043994903564453,16.9076509475708,20.821796894073486,20.352165937423706,19.17726421356201,14.255348920822144,17.035611152648926
