,fold_1,fold_2,fold_3,fold_4,fold_5,fold_6,fold_7,fold_8,fold_9,fold_10,mean
seed_0.0,0.4271186440677966,0.2847457627118644,0.6542372881355932,0.4745762711864407,0.5016949152542373,0.14915254237288136,0.336734693877551,0.14965986394557823,0.3299319727891156,0.5476190476190477,0.38554710019601063
seed_0.1,0.36271186440677966,0.16271186440677965,0.5186440677966102,0.13898305084745763,0.3525423728813559,0.1288135593220339,0.14965986394557823,0.15306122448979592,0.35714285714285715,0.14285714285714285,0.2467127868096391
seed_0.2,0.6779661016949152,0.5389830508474577,0.22033898305084745,0.19322033898305085,0.688135593220339,0.4915254237288136,0.36054421768707484,0.336734693877551,0.11224489795918367,0.2857142857142857,0.3905407586763519
seed_0.30000000000000004,0.21694915254237288,0.15932203389830507,0.511864406779661,0.34576271186440677,0.4033898305084746,0.12542372881355932,0.1292517006802721,0.5,0.3401360544217687,0.5816326530612245,0.3313732272570045
seed_0.4,0.22372881355932203,0.31186440677966104,0.13898305084745763,0.38305084745762713,0.2542372881355932,0.2,0.30612244897959184,0.3231292517006803,0.12585034013605442,0.24489795918367346,0.2511864406779661
seed_0.5,0.12542372881355932,0.4,0.13898305084745763,0.17288135593220338,0.511864406779661,0.48135593220338985,0.3469387755102041,0.1564625850340136,0.36394557823129253,0.4387755102040816,0.3136630923555863
seed_0.6000000000000001,0.33220338983050846,0.33220338983050846,0.2847457627118644,0.27796610169491526,0.15254237288135594,0.3525423728813559,0.5544217687074829,0.14625850340136054,0.12585034013605442,0.1598639455782313,0.2718597947653637
seed_0.7000000000000001,0.18305084745762712,0.3898305084745763,0.14576271186440679,0.13220338983050847,0.376271186440678,0.4745762711864407,0.3741496598639456,0.15306122448979592,0.35374149659863946,0.30952380952380953,0.28921711057304283
seed_0.8,0.3254237288135593,0.26101694915254237,0.16610169491525423,0.13220338983050847,0.36271186440677966,0.28135593220338984,0.37755102040816324,0.3197278911564626,0.14965986394557823,0.17346938775510204,0.25492217225873404
seed_0.9,0.3220338983050847,0.7254237288135593,0.14576271186440679,0.33220338983050846,0.5084745762711864,0.27796610169491526,0.6360544217687075,0.11564625850340136,0.16666666666666666,0.1564625850340136,0.338669433875245
seed_1.0,0.26440677966101694,0.6779661016949152,0.34915254237288135,0.6508474576271186,0.3559322033898305,0.33559322033898303,0.35714285714285715,0.12585034013605442,0.4557823129251701,0.22108843537414966,0.37937622506629765
