,fold_1,fold_2,fold_3,fold_4,fold_5,fold_6,fold_7,fold_8,fold_9,fold_10,mean
seed_0.0,0.38955420179977407,0.3782235068927707,0.13568858397238737,0.3513555168992746,0.15638992533586607,0.2761126591862779,0.09397220377450383,0.2235038176999894,0.28012945747151013,0.4096174373736224,0.26945473104059764
seed_0.1,0.43729328675219914,0.4651300418445873,0.4281046947732149,0.4789096631431781,0.4296367530838846,0.4833419900576633,0.49900254460655397,0.4393151236304559,0.39618890090298153,0.5371920811761166,0.45941150799708347
seed_0.2,0.47973991940816274,0.5047657909533555,0.43641186044505187,0.49981455084218507,0.4008958055480471,0.4333923323561272,0.4645355408432912,0.4657479773581696,0.42370692987506425,0.47121823884992325,0.4580228946479378
seed_0.30000000000000004,0.44891561592638457,0.5491931778892056,0.460563695954474,0.5106650986263814,0.38039646461455456,0.4648088040004434,0.45361320901967783,0.44179011725606965,0.42511473566365854,0.4771816989267627,0.4612242617877612
seed_0.4,0.4782483748417063,0.5047657909533555,0.4509115475448708,0.5030577784162639,0.389370745698617,0.4522551763958379,0.5105065271171746,0.45233860663356146,0.42730904659590885,0.4965610463338694,0.4665324640531165
seed_0.5,0.4871331384447557,0.5320378098801944,0.4653570323504078,0.5121621356005951,0.37602443166465305,0.4909784907763123,0.48254049178668607,0.45031932152811527,0.43935790000809827,0.48464894179616635,0.4720559693835984
seed_0.6000000000000001,0.5016568555065779,0.5286562314922697,0.4603022564277983,0.5254880546428466,0.387527997842367,0.4356839019809706,0.4824479306185293,0.46553988105691135,0.43048695791340735,0.528276979912954,0.4746067047394632
seed_0.7000000000000001,0.49721029704556235,0.5502425802525122,0.47442654213750035,0.5057392572388184,0.4042229310151281,0.4588748519625898,0.4874925588245678,0.45171661773726896,0.44114029619723605,0.49591407797249626,0.476698001038368
seed_0.8,0.4834513032059847,0.5099142840137936,0.45723822792105806,0.5376189247037866,0.40114721449813584,0.47324839440977196,0.4764465546836225,0.45171661773726896,0.42532112254311916,0.5301871807597942,0.47462898244763363
seed_0.9,0.49291303927203445,0.5457470924689836,0.46241072490625784,0.5133139934771735,0.39795141224094377,0.501664880519425,0.4831094596966168,0.45171661773726896,0.4357586381778323,0.5270775911096839,0.4811663449606221
seed_1.0,0.49291303927203445,0.5513736107171463,0.4603022564277983,0.5236183775481128,0.39907473973316465,0.501664880519425,0.47417399465142984,0.4667355133591733,0.44114029619723605,0.524181832690395,0.48351785411159165
