,fold_1,fold_2,fold_3,fold_4,fold_5,fold_6,fold_7,fold_8,fold_9,fold_10,mean
seed_0.0,0.2215329701307462,0.31476230223137197,0.2668079309332042,0.17155191286031352,0.1514844951863112,0.3889566215715189,0.29655858967435567,0.36022965186258316,0.22967504421475088,0.1842246973245988,0.2585784215989754
seed_0.1,0.28941616400093134,0.16981419245423435,0.22375685020194092,0.3598728142456371,0.10950135353341013,0.35091958581213534,0.19758716314835548,0.337645105756592,0.149126610880975,0.32387039736840423,0.2511510237402616
seed_0.2,0.293849356679607,0.22031799870149582,0.2695137948320341,0.33955004760490737,0.28693724877584653,0.20969898680211987,0.3853473158106469,0.2921987919589859,0.19660762033265033,0.06917977342014747,0.25632009349184415
seed_0.30000000000000004,0.13109818858079986,0.18836437712810553,0.2381273827696836,0.33662931203915786,0.1901188823385657,0.33459143698162047,0.19685835754330352,0.16704920669838516,0.3466673779548187,0.22342614631631227,0.23529306683507528
seed_0.4,0.2484874043423707,0.4163023443365699,0.3489070612322245,0.32466194325366826,0.11837504328717924,0.20371514892255416,0.20631350078155256,0.35287986596868887,0.16899002858268528,0.23743364784262283,0.2626065988550116
seed_0.5,0.18926507664049658,0.24544474716888423,0.30689763644978424,0.3222635039474806,0.14743069823533494,0.18788805795085275,0.3160349543308903,0.2988470986143575,0.2796596411206509,0.07864220900663053,0.23723736234653625
seed_0.6000000000000001,0.3103601827304359,0.19789237113437624,0.12140749454470115,0.08928086690318722,0.24643115455713238,0.3321554035169229,0.20631350078155253,0.21581902881299062,0.22483706331564368,0.16040010127858245,0.21048971675755251
seed_0.7000000000000001,0.21870102812482403,0.3617665176409084,0.2188926520179404,0.36456774254159285,0.21432262142543954,0.23007824232068097,0.3370487664404831,0.258601587526413,0.18215117842699372,0.17405918963213615,0.2560189526097412
seed_0.8,0.31830674361430894,0.021213750448261154,0.16391678242802596,0.214027419271098,0.27092864757420965,0.2262316072476751,0.23241031567524856,0.21923277604082955,0.17945307249152637,0.26107663974676415,0.21067977545379474
seed_0.9,0.26363573465536405,0.39728160442292687,0.19467116147784422,0.31918583490264113,0.15217831597493456,0.2653226925746578,0.2407801298285288,0.3604244945265417,0.15765028525754637,0.27743354253660457,0.26285637961575903
seed_1.0,0.3235390603690366,0.3174159886931759,0.2626236831241403,0.2598585346051155,0.21162377594398407,0.3901246740541772,0.37992659052971794,0.29405247918321276,0.07000320667388768,0.20503333243963373,0.2714201325616082
