,fold_1,fold_2,fold_3,fold_4,fold_5,fold_6,fold_7,fold_8,fold_9,fold_10,mean
seed_0.0,0.1288135593220339,0.42033898305084744,0.17966101694915254,0.6915254237288135,0.49491525423728816,0.15593220338983052,0.336734693877551,0.3877551020408163,0.3163265306122449,0.2891156462585034,0.3401118413467082
seed_0.1,0.7457627118644068,0.7423728813559322,0.7559322033898305,0.8,0.7694915254237288,0.7932203389830509,0.7891156462585034,0.7482993197278912,0.7346938775510204,0.8129251700680272,0.7691813674622392
seed_0.2,0.7762711864406779,0.7762711864406779,0.7627118644067796,0.7932203389830509,0.7457627118644068,0.7593220338983051,0.7687074829931972,0.7721088435374149,0.7448979591836735,0.7687074829931972,0.7667981090741381
seed_0.30000000000000004,0.7728813559322034,0.8067796610169492,0.7762711864406779,0.7932203389830509,0.7322033898305085,0.7796610169491526,0.7687074829931972,0.7448979591836735,0.7517006802721088,0.7755102040816326,0.7701833275683153
seed_0.4,0.7762711864406779,0.7762711864406779,0.7728813559322034,0.7898305084745763,0.735593220338983,0.7728813559322034,0.7993197278911565,0.7619047619047619,0.7585034013605442,0.7857142857142857,0.772917099043007
seed_0.5,0.7830508474576271,0.7932203389830509,0.7830508474576271,0.7932203389830509,0.7288135593220338,0.7966101694915254,0.7857142857142857,0.7517006802721088,0.7687074829931972,0.782312925170068,0.7766401475844575
seed_0.6000000000000001,0.7864406779661017,0.7864406779661017,0.7796610169491526,0.8,0.735593220338983,0.7627118644067796,0.7857142857142857,0.7619047619047619,0.7585034013605442,0.8129251700680272,0.7769895076674738
seed_0.7000000000000001,0.7864406779661017,0.8033898305084746,0.7864406779661017,0.7898305084745763,0.752542372881356,0.7762711864406779,0.7959183673469388,0.7551020408163265,0.7653061224489796,0.7891156462585034,0.7800357431108036
seed_0.8,0.7864406779661017,0.7796610169491526,0.7796610169491526,0.8101694915254237,0.7457627118644068,0.7864406779661017,0.782312925170068,0.7551020408163265,0.7551020408163265,0.8129251700680272,0.7793577770091088
seed_0.9,0.7864406779661017,0.7966101694915254,0.7796610169491526,0.7932203389830509,0.7423728813559322,0.8033898305084746,0.7891156462585034,0.7551020408163265,0.7619047619047619,0.8061224489795918,0.7813939813213421
seed_1.0,0.7864406779661017,0.8033898305084746,0.7796610169491526,0.8,0.7491525423728813,0.8033898305084746,0.7857142857142857,0.7653061224489796,0.7653061224489796,0.8095238095238095,0.7847884238441138
