,fold_1,fold_2,fold_3,fold_4,fold_5,fold_6,fold_7,fold_8,fold_9,fold_10,mean
seed_0.0,0.16057282331678835,0.3398928823309271,0.25627521417950405,0.33125500010325476,0.24477751519719224,0.2090078638053918,0.1872923692162191,0.19379754815511807,0.23694787084388225,0.19179386569812834,0.2351612952846406
seed_0.1,0.5100517306687619,0.5618573463862475,0.44346027142714456,0.5059056667613784,0.39206577645723245,0.4586264596389489,0.45855672833284095,0.4963505871172283,0.43907619087972644,0.494384352339005,0.4760335110008514
seed_0.2,0.5036150285378963,0.5655731402045563,0.5085141416586588,0.5403346882677882,0.4419333596475194,0.5288180130420839,0.5007408580639775,0.4679658614553814,0.43775438110538445,0.5336662536766414,0.5028915725659888
seed_0.30000000000000004,0.5383860010521904,0.5753786028646004,0.5589515154260857,0.5612020923036277,0.49623570738641276,0.5505528963577991,0.5318228614012446,0.5155757488362855,0.5106495699902086,0.5752805416816891,0.5414035537300144
seed_0.4,0.5446246299120492,0.5805501379088104,0.5885918289312573,0.5287364549943394,0.5471782564772512,0.5514133972124939,0.5361441444422774,0.5254362049521075,0.5152024439199869,0.5655667187020705,0.5483444217452644
seed_0.5,0.5828992572489293,0.6174347088600439,0.6020858726466809,0.5554780923494769,0.5299825111997396,0.6221188680145853,0.5627858845773425,0.5472184963396803,0.5345452198753482,0.5836198840813879,0.5738168795193215
seed_0.6000000000000001,0.554423918587495,0.6020866856028959,0.616671374709234,0.5610936695450037,0.5577819337175374,0.5807369299228462,0.5947483007147285,0.5436705804736663,0.5196404921323876,0.602158156260078,0.5733012041665873
seed_0.7000000000000001,0.5811912258208459,0.6802162548549584,0.6292258201809245,0.5864108543929312,0.5703580505034735,0.6053286571956005,0.5644773309926918,0.5703932345450948,0.5699564120055108,0.6203174517369652,0.5977875292228998
seed_0.8,0.617517773116883,0.6756612804393238,0.6708276951910996,0.5732357813802138,0.577983945385872,0.6371031533617071,0.5680599151065419,0.5783554381675355,0.5932799377212288,0.6565215070868256,0.6148546426957231
seed_0.9,0.632346806662796,0.6802669832923491,0.6653508909499761,0.5892111362742365,0.6010547845980696,0.6426156065371558,0.5687170513012877,0.5860471611420726,0.5761604308757333,0.659323596196071,0.6201094447829748
seed_1.0,0.6229960779504328,0.6987734418969292,0.6959494893118867,0.6182950719780713,0.606408426045408,0.6243010416787618,0.6029569544105101,0.5999337983814661,0.582492097151771,0.6795848384582007,0.6331691237263438
