,fold_1,fold_2,fold_3,fold_4,fold_5,fold_6,fold_7,fold_8,fold_9,fold_10,mean
seed_0.0,0.46440677966101696,0.2745762711864407,0.1152542372881356,0.711864406779661,0.18983050847457628,0.17288135593220338,0.1598639455782313,0.20408163265306123,0.35374149659863946,0.4965986394557823,0.3143099273607748
seed_0.1,0.7864406779661017,0.8101694915254237,0.7593220338983051,0.8,0.735593220338983,0.7728813559322034,0.7789115646258503,0.7925170068027211,0.7551020408163265,0.7721088435374149,0.7763046235443329
seed_0.2,0.8101694915254237,0.8203389830508474,0.8033898305084746,0.8101694915254237,0.7796610169491526,0.8203389830508474,0.8027210884353742,0.7721088435374149,0.7755102040816326,0.8129251700680272,0.8007333102732618
seed_0.30000000000000004,0.8271186440677966,0.8305084745762712,0.8338983050847457,0.8271186440677966,0.8101694915254237,0.8338983050847457,0.8231292517006803,0.8027210884353742,0.8061224489795918,0.8401360544217688,0.8234820707944195
seed_0.4,0.823728813559322,0.8338983050847457,0.847457627118644,0.823728813559322,0.8305084745762712,0.8338983050847457,0.8231292517006803,0.8095238095238095,0.8129251700680272,0.8367346938775511,0.8275533264153119
seed_0.5,0.8440677966101695,0.8508474576271187,0.8576271186440678,0.8338983050847457,0.8305084745762712,0.864406779661017,0.8401360544217688,0.8231292517006803,0.8197278911564626,0.8469387755102041,0.8411287904992506
seed_0.6000000000000001,0.8338983050847457,0.847457627118644,0.8610169491525423,0.8372881355932204,0.8372881355932204,0.847457627118644,0.8537414965986394,0.8197278911564626,0.8197278911564626,0.8537414965986394,0.8411345555171221
seed_0.7000000000000001,0.847457627118644,0.8813559322033898,0.8677966101694915,0.847457627118644,0.847457627118644,0.8576271186440678,0.8435374149659864,0.8333333333333334,0.8401360544217688,0.8605442176870748,0.8526703562781044
seed_0.8,0.8610169491525423,0.8813559322033898,0.8813559322033898,0.8440677966101695,0.8508474576271187,0.8711864406779661,0.8469387755102041,0.8401360544217688,0.8503401360544217,0.8741496598639455,0.8601395134324917
seed_0.9,0.8677966101694915,0.8847457627118644,0.8813559322033898,0.8508474576271187,0.8610169491525423,0.8745762711864407,0.8469387755102041,0.8469387755102041,0.8469387755102041,0.8775510204081632,0.8638706329989624
seed_1.0,0.864406779661017,0.8915254237288136,0.8915254237288136,0.864406779661017,0.864406779661017,0.8677966101694915,0.8605442176870748,0.8537414965986394,0.8503401360544217,0.8809523809523809,0.8689646027902688
