,fold_1,fold_2,fold_3,fold_4,fold_5,fold_6,fold_7,fold_8,fold_9,fold_10,mean
seed_0.0,0.1407903052161484,0.3050491079770554,0.22847460025037603,0.2973019048977683,0.2193947809450531,0.18557859595629705,0.164998230500419,0.17174074788397628,0.21083846425263567,0.169514697167657,0.20936814350473862
seed_0.1,0.4610452814522961,0.5083650204922736,0.40004096678959095,0.45736107992865227,0.35521267782042576,0.4147899391552079,0.4138989112452019,0.44971811390605687,0.3960839523631649,0.4471606444642806,0.43036765876171507
seed_0.2,0.4551500020956441,0.5117691848833432,0.4596497939206983,0.48891326645607325,0.4012021994520526,0.4792354081017215,0.45255535579177064,0.4236378612685419,0.39487720804286586,0.4831930308021806,0.45501833108148915
seed_0.30000000000000004,0.4870078248680577,0.520751280892572,0.5058639918758869,0.5080377463029997,0.4512767864366535,0.49919086995607576,0.48103796178797364,0.46738138873228174,0.46168024231186705,0.5213636075144368,0.49035917006788055
seed_0.4,0.4927236139891376,0.5254882123162835,0.5330217856504168,0.4782855748189586,0.49825189082846355,0.4998217659234471,0.48499760254364827,0.47644126636378814,0.46585342744210195,0.5124537372342225,0.4967338877110469
seed_0.5,0.5277916507803054,0.5592731991682556,0.5453861181094795,0.502792734052998,0.4823962618656046,0.5637416497622961,0.5094112313063327,0.4964543174420097,0.48357984208227356,0.5290127937830831,0.5199839798352638
seed_0.6000000000000001,0.5017021531760045,0.5452151652713034,0.5587498521180726,0.5079390982850693,0.5080305754074801,0.5263831370944742,0.5386999485977617,0.49319460700204926,0.4699211897968794,0.5460165624996909,0.5195852289248786
seed_0.7000000000000001,0.5262269144934109,0.6167788273579112,0.5702528852353823,0.5311408566667617,0.5196280639675279,0.5484636793482165,0.5109615825107419,0.517746585377683,0.5160323592816265,0.5626728295006431,0.5419904583739906
seed_0.8,0.5595098374647229,0.612606723242143,0.6083702238535733,0.5190668774363978,0.526660209089928,0.5773259634778636,0.5142447474524786,0.525062179368095,0.5374068231907627,0.595880087871362,0.5576133672447326
seed_0.9,0.5730964627609137,0.6168254031976592,0.6033522567545692,0.5337073641591856,0.5479345304095086,0.5825591058968972,0.5148468691056561,0.5321293043867449,0.5217181614491576,0.5983630880075484,0.5624532546127842
seed_1.0,0.5645291914897658,0.6337765230840113,0.6313879944243228,0.5603612656716919,0.5528713331630599,0.5657774644402714,0.5462224041863462,0.5448879163283462,0.5275208441038384,0.6170343711862797,0.5744369308077932
