,fold_1,fold_2,fold_3,fold_4,fold_5,fold_6,fold_7,fold_8,fold_9,fold_10,mean
seed_0.0,0.24867847281453767,0.35050620921164954,0.2980661458665679,0.19482522505355848,0.17192632831601593,0.4304931318740097,0.3305186569682239,0.3989578282077548,0.25750494252497635,0.2079709655938238,0.28894479064311185
seed_0.1,0.32274129121909023,0.18940838194637896,0.2511711391979077,0.3995330033467512,0.12642610496272058,0.38906550031510767,0.22256461663928048,0.37437717465079445,0.1697318852368731,0.35997740130445716,0.28049964988193615
seed_0.2,0.3275738719266966,0.2480556686486371,0.30102370142404933,0.3773619772408118,0.31802996039810794,0.23526616686221744,0.42740271864477186,0.32491425088573167,0.2221794982030199,0.08257029159222137,0.2864378105826265
seed_0.30000000000000004,0.14998431951479158,0.21263860530483072,0.26693767757105424,0.37416772992607494,0.213095071494992,0.37127829126518125,0.21894051697748615,0.1887306552319601,0.3851557536430187,0.25048622003872,0.26314148409681104
seed_0.4,0.27807040038707287,0.46135345101972813,0.3876554238026966,0.3611157271023798,0.1354672265222406,0.2287426885940851,0.23278543583541417,0.3909560426431758,0.19207050031844064,0.2657630022025507,0.29339798984277843
seed_0.5,0.21414862767824433,0.2748256686078987,0.34180667539624215,0.3585029773717316,0.16689201249773794,0.21153434388428952,0.35177349499529287,0.3321607540528243,0.3120470352512169,0.08943474674937536,0.26531263364848534
seed_0.6000000000000001,0.3455972634919322,0.22359082378721137,0.14013942267883617,0.10508103072813427,0.2741128634801076,0.3686260662686216,0.23278543583541414,0.23907622621754027,0.25225006788555693,0.18200475837154106,0.23632639587448953
seed_0.7000000000000001,0.24557898259355365,0.4018202969769098,0.2458573349937315,0.404660644756586,0.2393328147770279,0.25746041703082423,0.3747046095448554,0.28838058980794995,0.20623598938052717,0.1968900687810604,0.2860921748643026
seed_0.8,0.3542630694111595,0.030844286664371168,0.1864761545614052,0.2410959585540233,0.30067454555869655,0.25326324337811623,0.26053272221294826,0.24550358690033589,0.20294278276653321,0.29152043318355686,0.2367116783191146
seed_0.9,0.29460459275849804,0.44058722115522375,0.22001227992688038,0.3551411830035275,0.17212407257623016,0.29584173852169227,0.2696526356725164,0.3991666060405104,0.17916353795203804,0.3093583782022212,0.2935652245809338
seed_1.0,0.3599806161975091,0.3533991556175875,0.29349837115091715,0.29040598885263447,0.23636105210601255,0.4317629427054434,0.4214864983849397,0.3269361879691987,0.08354667401281342,0.23044604230280047,0.3027823529299856
