,fold_1,fold_2,fold_3,fold_4,fold_5,fold_6,fold_7,fold_8,fold_9,fold_10,mean
seed_0.0,12.999713897705078,8.011579036712646,6.368658065795898,5.677371025085449,14.11850380897522,8.742465019226074,5.1698081493377686,5.402813911437988,8.125700950622559,15.174896001815796,8.979150986671447
seed_0.1,5.721787214279175,3.3516228199005127,5.848119020462036,5.8376100063323975,5.949946880340576,4.704513072967529,4.648464918136597,4.477362155914307,3.427917003631592,4.503856897354126,4.847119998931885
seed_0.2,4.2254719734191895,4.467316150665283,5.463345050811768,3.344667911529541,5.565578937530518,5.801823139190674,4.5609130859375,4.2666449546813965,4.225857973098755,4.122377872467041,4.604399704933167
seed_0.30000000000000004,6.391647100448608,7.668471097946167,5.3004679679870605,3.975663900375366,3.997905969619751,6.423022985458374,4.062887191772461,5.0737950801849365,3.6559879779815674,4.521708011627197,5.107155728340149
seed_0.4,6.34499979019165,6.0538270473480225,4.118179798126221,3.995460033416748,4.806619882583618,6.649089097976685,4.575598955154419,5.412045955657959,4.471374034881592,4.720546007156372,5.114774060249329
seed_0.5,8.170382022857666,5.672034025192261,5.463918924331665,4.659040927886963,6.343993902206421,6.869368076324463,6.428060054779053,4.961118936538696,4.391966104507446,5.236128091812134,5.819601106643677
seed_0.6000000000000001,5.725878000259399,5.405055999755859,5.572632074356079,3.494601011276245,7.2086310386657715,6.020676136016846,5.483306884765625,4.332117080688477,5.214399099349976,5.266412973403931,5.372371029853821
seed_0.7000000000000001,6.027662992477417,7.77705717086792,4.822284936904907,5.893106937408447,4.7266600131988525,6.024985074996948,4.374055862426758,3.8359251022338867,4.748692035675049,8.1163649559021,5.634679508209229
seed_0.8,5.972872972488403,8.320904970169067,7.165031909942627,5.0007710456848145,6.912899971008301,4.355050086975098,7.64971399307251,5.415811061859131,5.18593692779541,5.778681993484497,6.175767493247986
seed_0.9,3.688632011413574,7.459607124328613,6.327952146530151,3.6604321002960205,6.624590873718262,5.44550085067749,8.83177900314331,7.251543045043945,5.382461071014404,5.350512981414795,6.002301120758057
seed_1.0,4.148964881896973,5.716593980789185,5.7168869972229,4.628870010375977,7.081884860992432,4.612170934677124,4.877867937088013,4.611222982406616,5.207202911376953,4.617102146148682,5.121876764297485
