,fold_1,fold_2,fold_3,fold_4,fold_5,fold_6,fold_7,fold_8,fold_9,fold_10,mean
seed_0.0,46.50320792198181,55.54542112350464,58.358317136764526,65.72417187690735,52.01004695892334,61.74700903892517,58.53766989707947,59.62226700782776,58.05031085014343,50.754024028778076,56.685244584083556
seed_0.1,65.53803896903992,60.03750705718994,49.87879490852356,61.392821073532104,54.28433012962341,56.09456706047058,49.19185495376587,55.428487062454224,59.15667486190796,64.992360830307,57.59954369068146
seed_0.2,63.052658796310425,57.331939935684204,46.735334157943726,56.96649980545044,55.35558009147644,54.50373291969299,56.41702198982239,60.66897511482239,46.97070908546448,57.89474105834961,55.58971929550171
seed_0.30000000000000004,50.84337496757507,53.02006196975708,55.4022171497345,64.9155330657959,60.18293786048889,50.87770915031433,52.39759802818298,58.13937497138977,56.43524193763733,53.432730197906494,55.564677929878236
seed_0.4,66.66063094139099,58.95025897026062,55.84723711013794,52.29202914237976,48.98959803581238,58.76116991043091,49.088927030563354,50.96769595146179,52.05934500694275,62.191827058792114,55.58087191581726
seed_0.5,58.828535079956055,52.278985023498535,74.89487290382385,65.06996893882751,55.945598125457764,54.68272280693054,58.983453035354614,52.41687083244324,42.945537090301514,50.127816915512085,56.61743607521057
seed_0.6000000000000001,56.68266296386719,50.353615045547485,52.36470603942871,66.23272609710693,54.42505383491516,60.2331440448761,60.76310110092163,54.550739765167236,46.83998417854309,55.01381206512451,55.745954513549805
seed_0.7000000000000001,50.07463097572327,47.897594928741455,62.4169659614563,50.091089963912964,51.669281005859375,55.225319147109985,45.270318031311035,54.00709795951843,61.069705963134766,55.212366819381714,53.29343707561493
seed_0.8,60.058496952056885,59.89512300491333,59.098140001297,53.36928105354309,50.3706591129303,59.65225696563721,57.61052584648132,51.84283494949341,54.090980052948,64.12857484817505,57.01168727874756
seed_0.9,59.626477003097534,62.45728397369385,56.77436804771423,43.099180936813354,55.174818992614746,67.2977409362793,60.538403034210205,54.81501293182373,55.931203842163086,52.187366008758545,56.79018557071686
seed_1.0,69.84259819984436,68.78259992599487,52.97562098503113,56.38239002227783,62.29621505737305,63.04776906967163,62.219326972961426,51.17216992378235,51.585309982299805,58.66649317741394,59.69704933166504
