,fold_1,fold_2,fold_3,fold_4,fold_5,fold_6,fold_7,fold_8,fold_9,fold_10,mean
seed_0.0,0.3506454609587705,0.3401534648646688,0.11803132488745012,0.31571560054272774,0.13766075695460006,0.24721765624192335,0.07978798682528361,0.199029489582681,0.250416295138901,0.36941143698489004,0.2408069472981896
seed_0.1,0.3943811665414979,0.4197632615696449,0.38597229893104584,0.43262191702427855,0.3898612929449727,0.4374826173044191,0.450960293295998,0.39731285808146527,0.35678076686216836,0.4864268776612191,0.41515633502167104
seed_0.2,0.4332729792692759,0.4560698333017865,0.3935845797321317,0.45177829279436305,0.36335746632526916,0.3916212001805486,0.41937525949852117,0.4216003721991714,0.38199893266148277,0.42591195275889243,0.4138570868721443
seed_0.30000000000000004,0.40503204871802645,0.49676509966884785,0.4157142071513697,0.46172208226894756,0.3444534020219415,0.42046633615403717,0.40936734406951725,0.39958631621410945,0.3832904419910342,0.43138232380170144,0.41677796020595326
seed_0.4,0.4319063811377223,0.4560698333017865,0.40687026158348644,0.4547505046433083,0.35272800653283465,0.4089403519022529,0.46150279372910474,0.4092795971430658,0.3853019471334,0.4491579943822567,0.4216507671489218
seed_0.5,0.4400473192694393,0.48105081258358906,0.4201065458208146,0.4630940370892755,0.3404216139818861,0.44449360567061635,0.4358758672473778,0.40742294129389567,0.3963448487623534,0.43823201440139237,0.42670896061206404
seed_0.6000000000000001,0.45335406662129746,0.47795289694493964,0.41547512386012664,0.4753067725972093,0.3510293838540982,0.39372553692311507,0.4357910361197152,0.4214076601654827,0.38821412571959246,0.4782500214572068,0.4290506624262783
seed_0.7000000000000001,0.44928007629650873,0.4977260880237807,0.4284164131924473,0.4572076781344325,0.36642618289652706,0.415018020909129,0.4404149408042794,0.4087072093794115,0.3979776519928659,0.4485649869859733,0.4309739248615355
seed_0.8,0.4366743208237648,0.46078584532193384,0.41266789475622695,0.4864244969708207,0.36358937021883114,0.4282149064154545,0.43029150124488963,0.4087072093794115,0.38347973830614784,0.480001938442671,0.4290837221880152
seed_0.9,0.44534319878270484,0.49360793575907724,0.4174066707461224,0.46414965361266464,0.36064169334101215,0.4543051316730663,0.43639769093012104,0.4087072093794115,0.3930455009659799,0.4771494525793253,0.43507541377694847
seed_1.0,0.44534319878270484,0.49876203915371986,0.41547512386012664,0.47359332313607166,0.3616786851896135,0.4543051316730663,0.42820988865891924,0.42250652803699995,0.3979776519928659,0.4744937109841613,0.4372345281468249
