,fold_1,fold_2,fold_3,fold_4,fold_5,fold_6,fold_7,fold_8,fold_9,fold_10,mean
seed_0.0,5.918776988983154,4.947292804718018,8.37191104888916,4.927410840988159,9.615694999694824,11.213014125823975,6.928977966308594,5.400754928588867,10.264777898788452,5.036785125732422,7.262539672851562
seed_0.1,3.345412015914917,4.301262140274048,3.6336510181427,4.8618409633636475,2.7392029762268066,3.7544541358947754,4.139299154281616,6.592858076095581,3.179774045944214,4.768424987792969,4.131617951393127
seed_0.2,3.919106960296631,3.8878979682922363,3.056792974472046,4.150585889816284,2.6934850215911865,3.9022650718688965,2.7289528846740723,2.713289976119995,3.247825860977173,4.363613128662109,3.466381573677063
seed_0.30000000000000004,2.587775230407715,3.5594491958618164,3.0247581005096436,3.0206780433654785,2.9283809661865234,3.280428886413574,2.949337959289551,3.6107540130615234,3.3403351306915283,3.2668709754943848,3.1568768501281737
seed_0.4,2.2886979579925537,2.350277900695801,2.3571457862854004,2.695449113845825,2.757908821105957,2.711995840072632,2.6303610801696777,2.304056167602539,2.6235551834106445,2.3957109451293945,2.5115158796310424
seed_0.5,2.0757339000701904,3.757891893386841,1.7285449504852295,2.039879083633423,2.005009889602661,1.9536499977111816,2.2592480182647705,2.242125988006592,2.545624017715454,3.37607479095459,2.3983782529830933
seed_0.6000000000000001,1.954375982284546,1.6977100372314453,1.9795072078704834,1.9670050144195557,1.9611399173736572,2.264482021331787,1.9426770210266113,1.9422659873962402,1.6381011009216309,1.9588489532470703,1.9306113243103027
seed_0.7000000000000001,1.6323020458221436,1.6319761276245117,1.6329631805419922,1.622619867324829,1.6498839855194092,1.9305100440979004,1.9470319747924805,1.6332168579101562,1.6789219379425049,1.688417911529541,1.7047843933105469
seed_0.8,1.3706450462341309,1.7283258438110352,1.7402129173278809,1.6903510093688965,1.4302711486816406,1.3715369701385498,1.3784708976745605,1.3517680168151855,1.345607042312622,1.3582429885864258,1.4765431880950928
seed_0.9,1.3333039283752441,1.4083099365234375,1.4204399585723877,1.4954938888549805,1.4269659519195557,1.4174270629882812,1.3819169998168945,1.4277360439300537,1.4416699409484863,1.3930690288543701,1.4146332740783691
seed_1.0,0.7657208442687988,0.830916166305542,0.8039779663085938,0.8085310459136963,0.7846269607543945,0.8181891441345215,0.7808120250701904,0.8222370147705078,0.8002347946166992,0.8235020637512207,0.8038748025894165
